-25,75421 -55,43118 96,3828 /-19,905 -56,15934 94,93183 /-62,61713 -30,07477 92,9655 /
-25,75421 -55,43118 96,3828 /-62,61713 -30,07477 92,9655 /-24,0209 -60,0571 95,38051 /
-49,14977 -46,22307 103,6227 /-61,2772 -45,46749 104,1099 /-45,8702 -57,28028 100,9574 /
-49,14977 -46,22307 103,6227 /-45,8702 -57,28028 100,9574 /-39,32062 -27,91827 91,5094 /
-58,77119 -49,39919 104,2505 /-47,13363 -50,97448 102,3703 /-34,92471 -53,72392 98,91029 /
-58,77119 -49,39919 104,2505 /-34,92471 -53,72392 98,91029 /-58,68631 -54,95018 102,5988 /
-15,50572 -54,66181 93,8334 /-58,68631 -54,95018 102,5988 /-34,92471 -53,72392 98,91029 /
-15,50572 -54,66181 93,8334 /-34,92471 -53,72392 98,91029 /-34,1113 -59,52283 98,16341 /
-15,50572 -54,66181 93,8334 /-34,1113 -59,52283 98,16341 /-19,905 -56,15934 94,93183 /
-15,50572 -54,66181 93,8334 /-19,905 -56,15934 94,93183 /-25,75421 -55,43118 96,3828 /
-13,05992 -46,74585 89,43279 /-12,36192 -53,03903 91,00315 /-17,34486 -55,93304 94,33837 /
-13,05992 -46,74585 89,43279 /-17,34486 -55,93304 94,33837 /-16,4892 -52,38772 93,7545 /
-21,71394 -51,20119 95,80763 /-24,0209 -60,0571 95,38051 /-62,61713 -30,07477 92,9655 /
-21,71394 -51,20119 95,80763 /-62,61713 -30,07477 92,9655 /-14,36823 -55,99976 92,58878 /
-17,34486 -55,93304 94,33837 /-21,71394 -51,20119 95,80763 /-14,36823 -55,99976 92,58878 /
-17,34486 -55,93304 94,33837 /-14,36823 -55,99976 92,58878 /-16,4892 -52,38772 93,7545 /
-13,05992 -46,74585 89,43279 /-20,56291 -35,55666 88,85389 /-69,74712 -53,97795 103,096 /
-13,05992 -46,74585 89,43279 /-69,74712 -53,97795 103,096 /-12,36192 -53,03903 91,00315 /
-58,77119 -49,39919 104,2505 /-71,15264 -49,85186 105,0046 /-38,61986 -47,83559 101,7311 /
-58,77119 -49,39919 104,2505 /-38,61986 -47,83559 101,7311 /-47,13363 -50,97448 102,3703 /
-49,14977 -46,22307 103,6227 /-69,74712 -53,97795 103,096 /18,61416 -99,01522 83,85858 /
-49,14977 -46,22307 103,6227 /18,61416 -99,01522 83,85858 /-28,66471 -50,54189 98,411 /
40,87628 -104,0297 61,78725 /47,63223 -85,21007 66,11353 /48,41934 -23,86916 75,79195 /
40,87628 -104,0297 61,78725 /48,41934 -23,86916 75,79195 /13,42964 -117,2846 78,50456 /
27,18292 -20,47855 87,03872 /31,55791 -36,04419 85,15321 /127,7758 -46,30342 -30,17285 /
27,18292 -20,47855 87,03872 /127,7758 -46,30342 -30,17285 /41,99529 -8,958846 79,66908 /
129,6606 -8,781941 -60,294 /133,8016 -14,46009 -39,36236 /142,7512 106,3087 -11,08834 /